10070 1 	 [(10070,2)0.710120] 	 [(10009,2)0.953977] 	 0.744379 	 1
10281 1 	 [(10281,2)0.779307] 	 [(10409,2)0.958736] 	 0.812848 	 1
10117 1 	 [(10117,2)0.952632] 	 [(10564,2)0.945671] 	 1.007361 	 0
10049 1 	 [(10049,2)0.991848] 	 [(10796,2)0.959866] 	 1.033319 	 0
10284 1 	 [(10284,2)0.710714] 	 [(20537,2)0.939210] 	 0.756715 	 1
10064 1 	 [(10064,2)0.989019] 	 [(10489,2)0.949752] 	 1.041344 	 0
10055 1 	 [(10055,2)0.934694] 	 [(10762,2)0.959365] 	 0.974284 	 1
10014 1 	 [(10014,2)0.657885] 	 [(20835,2)0.956873] 	 0.687536 	 1
10042 1 	 [(10042,2)0.845679] 	 [(11265,2)0.948864] 	 0.891254 	 1
10276 1 	 [(10276,2)0.822715] 	 [(21219,2)0.928876] 	 0.885710 	 1
10300 1 	 [(10300,2)0.774713] 	 [(10014,2)0.934938] 	 0.828625 	 1
10007 1 	 [(10007,2)0.922300] 	 [(11205,2)0.953824] 	 0.966950 	 1
10149 1 	 [(10149,2)0.980769] 	 [(11136,2)0.967179] 	 1.014051 	 0
10027 1 	 [(10027,2)0.674775] 	 [(21223,2)0.914530] 	 0.737838 	 1
10039 1 	 [(10039,2)0.996719] 	 [(11320,2)0.955076] 	 1.043602 	 0
10035 1 	 [(10035,2)0.557598] 	 [(10784,2)0.903571] 	 0.617105 	 1
10131 1 	 [(10131,2)0.526316] 	 [(11324,2)0.943750] 	 0.557686 	 1
10069 1 	 [(10069,2)0.975758] 	 [(10784,2)0.944589] 	 1.032997 	 0
10031 1 	 [(10031,2)0.520395] 	 [(10714,2)0.964181] 	 0.539727 	 1
10054 1 	 [(10054,2)0.996078] 	 [(20535,2)0.977500] 	 1.019006 	 0
10016 1 	 [(10016,2)0.896175] 	 [(20558,2)0.972614] 	 0.921409 	 1
10280 1 	 [(10280,2)0.925199] 	 [(10708,2)0.959855] 	 0.963895 	 1
10297 1 	 [(10297,2)0.987692] 	 [(10276,2)0.952632] 	 1.036803 	 0
10101 1 	 [(10101,2)0.486631] 	 [(20680,2)0.939951] 	 0.517720 	 1
10282 1 	 [(10282,2)0.560799] 	 [(10103,2)0.928810] 	 0.603782 	 1
10105 1 	 [(10105,2)0.988914] 	 [(20009,2)0.963636] 	 1.026232 	 0
10009 1 	 [(10009,2)0.633333] 	 [(20832,2)0.925620] 	 0.684226 	 1
10146 1 	 [(10146,2)0.573647] 	 [(10064,2)0.970398] 	 0.591146 	 1
10071 1 	 [(10071,2)0.766900] 	 [(10009,2)0.953977] 	 0.803898 	 1
10103 1 	 [(10103,2)0.555444] 	 [(11251,2)0.933333] 	 0.595119 	 1
10301 1 	 [(10301,2)0.591398] 	 [(20706,2)0.973418] 	 0.607548 	 1
10046 1 	 [(10046,2)0.685646] 	 [(10602,2)0.942918] 	 0.727153 	 1
10062 1 	 [(10062,2)0.987879] 	 [(10856,2)0.947090] 	 1.043068 	 0
10060 1 	 [(10060,2)0.981117] 	 [(10101,2)0.965909] 	 1.015745 	 0
10021 1 	 [(10021,2)0.711712] 	 [(21087,2)0.884259] 	 0.804868 	 1
10287 1 	 [(10287,2)0.509215] 	 [(20028,2)0.952512] 	 0.534602 	 1
10002 1 	 [(10002,2)0.877759] 	 [(20009,2)0.935484] 	 0.938294 	 1
10089 1 	 [(10089,2)0.956541] 	 [(10409,2)0.922300] 	 1.037126 	 0
10032 1 	 [(10032,2)0.923195] 	 [(10412,2)0.923150] 	 1.000049 	 0
10304 1 	 [(10304,2)0.956667] 	 [(10682,2)0.974359] 	 0.981842 	 1
10023 1 	 [(10023,2)0.921061] 	 [(11257,2)0.951644] 	 0.967863 	 1
10148 1 	 [(10148,2)0.994029] 	 [(10436,2)0.965499] 	 1.029549 	 0
10001 1 	 [(10001,2)0.658537] 	 [(20282,2)0.958789] 	 0.686842 	 1
10133 1 	 [(10133,2)0.978365] 	 [(10030,2)0.960784] 	 1.018299 	 0
10040 1 	 [(10040,2)0.967480] 	 [(10921,2)0.909091] 	 1.064228 	 0
10048 1 	 [(10048,2)0.991689] 	 [(10636,2)0.933388] 	 1.062462 	 0
10030 1 	 [(10030,2)0.377647] 	 [(10276,2)0.872632] 	 0.432768 	 1
10118 1 	 [(10118,2)0.976744] 	 [(10613,2)0.941860] 	 1.037037 	 0
10051 1 	 [(10051,2)0.994847] 	 [(20103,2)0.978480] 	 1.016727 	 0
10130 1 	 [(10130,2)0.582979] 	 [(20863,2)0.940441] 	 0.619900 	 1
10531 1 	 [(10531,2)0.988304] 	 [(10714,2)0.951267] 	 1.038934 	 0
10546 1 	 [(10546,2)0.651306] 	 [(10784,2)0.955495] 	 0.681642 	 1
10435 1 	 [(10435,2)0.643636] 	 [(11265,2)0.955923] 	 0.673314 	 1
10328 1 	 [(10328,2)0.965986] 	 [(20105,2)0.953618] 	 1.012970 	 0
10392 1 	 [(10392,2)0.979066] 	 [(10904,2)0.971972] 	 1.007299 	 0
10486 1 	 [(10486,2)0.996153] 	 [(10979,2)0.975327] 	 1.021353 	 0
10527 1 	 [(10527,2)0.800000] 	 [(10027,2)0.951351] 	 0.840909 	 1
10412 1 	 [(10412,2)0.933824] 	 [(10130,2)0.952128] 	 0.980776 	 1
10319 1 	 [(10319,2)0.319444] 	 [(10042,2)0.976190] 	 0.327235 	 1
10325 1 	 [(10325,2)0.994508] 	 [(21278,2)0.975023] 	 1.019984 	 0
10323 1 	 [(10323,2)0.954545] 	 [(10300,2)0.961212] 	 0.993064 	 1
10543 1 	 [(10543,2)0.863415] 	 [(10035,2)0.931933] 	 0.926478 	 1
10453 1 	 [(10453,2)0.988600] 	 [(11265,2)0.954898] 	 1.035294 	 0
10495 1 	 [(10495,2)0.986762] 	 [(10549,2)0.981447] 	 1.005415 	 0
10489 1 	 [(10489,2)0.534615] 	 [(10395,2)0.945799] 	 0.565252 	 1
10520 1 	 [(10520,2)0.946711] 	 [(10512,2)0.938636] 	 1.008603 	 0
10521 1 	 [(10521,2)0.623882] 	 [(10944,2)0.959936] 	 0.649920 	 1
10559 1 	 [(10559,2)0.993311] 	 [(10706,2)0.966712] 	 1.027515 	 0
10413 1 	 [(10413,2)0.893939] 	 [(11251,2)0.935354] 	 0.955723 	 1
10485 1 	 [(10485,2)0.885811] 	 [(10300,2)0.946667] 	 0.935716 	 1
10331 1 	 [(10331,2)0.827059] 	 [(10485,2)0.957075] 	 0.864153 	 1
10409 1 	 [(10409,2)0.961039] 	 [(20939,2)0.927083] 	 1.036627 	 0
10382 1 	 [(10382,2)0.979592] 	 [(10771,2)0.875000] 	 1.119534 	 0
10454 1 	 [(10454,2)0.574468] 	 [(20454,2)0.786750] 	 0.730179 	 1
10602 1 	 [(10602,2)0.986532] 	 [(20712,2)0.928889] 	 1.062056 	 0
10509 1 	 [(10509,2)0.328111] 	 [(10662,2)0.931239] 	 0.352338 	 1
10436 1 	 [(10436,2)0.578022] 	 [(20146,2)0.942308] 	 0.613411 	 1
10378 1 	 [(10378,2)0.977358] 	 [(10822,2)0.909910] 	 1.074126 	 0
10441 1 	 [(10441,2)0.609992] 	 [(10664,2)0.967647] 	 0.630387 	 1
10306 1 	 [(10306,2)0.650624] 	 [(10935,2)0.958281] 	 0.678949 	 1
10431 1 	 [(10431,2)0.693627] 	 [(10520,2)0.946711] 	 0.732670 	 1
10487 1 	 [(10487,2)0.992318] 	 [(20149,2)0.976051] 	 1.016666 	 0
10549 1 	 [(10549,2)0.915249] 	 [(20843,2)0.969639] 	 0.943907 	 1
10396 1 	 [(10396,2)0.365912] 	 [(10636,2)0.960526] 	 0.380950 	 1
10566 1 	 [(10566,2)0.995586] 	 [(10825,2)0.965678] 	 1.030971 	 0
10455 1 	 [(10455,2)0.663889] 	 [(11257,2)0.953977] 	 0.695917 	 1
10474 1 	 [(10474,2)0.986147] 	 [(10300,2)0.975253] 	 1.011170 	 0
10446 1 	 [(10446,2)0.987250] 	 [(10771,2)0.967213] 	 1.020716 	 0
10533 1 	 [(10533,2)0.540441] 	 [(10520,2)0.937307] 	 0.576589 	 1
10583 1 	 [(10583,2)0.877561] 	 [(10758,2)0.959661] 	 0.914449 	 1
10613 1 	 [(10613,2)0.665116] 	 [(10130,2)0.916378] 	 0.725810 	 1
10581 1 	 [(10581,2)0.628788] 	 [(10758,2)0.971171] 	 0.647453 	 1
10519 1 	 [(10519,2)0.937343] 	 [(20939,2)0.951389] 	 0.985236 	 1
10395 1 	 [(10395,2)0.675662] 	 [(10624,2)0.949341] 	 0.711717 	 1
10575 1 	 [(10575,2)0.684556] 	 [(10509,2)0.940659] 	 0.727741 	 1
10329 1 	 [(10329,2)0.863568] 	 [(10300,2)0.956463] 	 0.902877 	 1
10443 1 	 [(10443,2)0.962326] 	 [(10300,2)0.937209] 	 1.026800 	 0
10512 1 	 [(10512,2)0.778355] 	 [(10030,2)0.931933] 	 0.835205 	 1
10564 1 	 [(10564,2)0.749722] 	 [(20454,2)0.921630] 	 0.813474 	 1
10398 1 	 [(10398,2)0.758689] 	 [(10396,2)0.957722] 	 0.792181 	 1
10652 1 	 [(10652,2)0.952539] 	 [(11324,2)0.962016] 	 0.990149 	 1
10848 1 	 [(10848,2)0.988290] 	 [(10030,2)0.946218] 	 1.044463 	 0
10680 1 	 [(10680,2)0.919548] 	 [(11257,2)0.942472] 	 0.975677 	 1
10627 1 	 [(10627,2)0.994709] 	 [(21294,2)0.959742] 	 1.036434 	 0
10844 1 	 [(10844,2)0.605429] 	 [(11257,2)0.948347] 	 0.638405 	 1
10853 1 	 [(10853,2)0.991864] 	 [(10436,2)0.960775] 	 1.032358 	 0
10754 1 	 [(10754,2)0.971198] 	 [(10564,2)0.943548] 	 1.029304 	 0
10820 1 	 [(10820,2)0.973136] 	 [(10009,2)0.946711] 	 1.027912 	 0
10756 1 	 [(10756,2)0.995669] 	 [(21328,2)0.972421] 	 1.023907 	 0
10722 1 	 [(10722,2)0.994129] 	 [(10771,2)0.980369] 	 1.014036 	 0
10664 1 	 [(10664,2)0.885771] 	 [(20060,2)0.963154] 	 0.919657 	 1
10819 1 	 [(10819,2)0.984503] 	 [(11155,2)0.959150] 	 1.026433 	 0
10823 1 	 [(10823,2)0.990686] 	 [(10706,2)0.954545] 	 1.037862 	 0
10624 1 	 [(10624,2)0.925485] 	 [(20885,2)0.948560] 	 0.975674 	 1
10855 1 	 [(10855,2)0.427720] 	 [(20584,2)0.963045] 	 0.444133 	 1
10741 1 	 [(10741,2)0.995367] 	 [(10485,2)0.968726] 	 1.027501 	 0
10772 1 	 [(10772,2)0.850729] 	 [(21087,2)0.949206] 	 0.896253 	 1
10762 1 	 [(10762,2)0.615873] 	 [(10519,2)0.953216] 	 0.646100 	 1
10856 1 	 [(10856,2)0.836735] 	 [(10520,2)0.898496] 	 0.931262 	 1
10852 1 	 [(10852,2)0.704878] 	 [(20477,2)0.960000] 	 0.734248 	 1
10808 1 	 [(10808,2)0.986532] 	 [(20840,2)0.967682] 	 1.019480 	 0
10657 1 	 [(10657,2)0.898880] 	 [(10904,2)0.930219] 	 0.966310 	 1
10634 1 	 [(10634,2)0.993686] 	 [(10101,2)0.980006] 	 1.013959 	 0
10863 1 	 [(10863,2)0.498046] 	 [(21087,2)0.914894] 	 0.544376 	 1
10796 1 	 [(10796,2)0.979515] 	 [(20453,2)0.938619] 	 1.043570 	 0
10615 1 	 [(10615,2)0.657398] 	 [(10652,2)0.962894] 	 0.682731 	 1
10784 1 	 [(10784,2)0.631633] 	 [(10904,2)0.894958] 	 0.705768 	 1
10690 1 	 [(10690,2)0.873776] 	 [(10771,2)0.963636] 	 0.906749 	 1
10867 1 	 [(10867,2)0.945789] 	 [(10771,2)0.944444] 	 1.001424 	 0
10859 1 	 [(10859,2)0.762295] 	 [(10016,2)0.965800] 	 0.789289 	 1
10718 1 	 [(10718,2)0.930150] 	 [(10822,2)0.952409] 	 0.976629 	 1
10771 1 	 [(10771,2)0.971154] 	 [(21325,2)0.956541] 	 1.015277 	 0
10682 1 	 [(10682,2)0.877180] 	 [(11324,2)0.937209] 	 0.935949 	 1
10622 1 	 [(10622,2)0.993687] 	 [(20830,2)0.962654] 	 1.032237 	 0
10636 1 	 [(10636,2)0.916205] 	 [(10071,2)0.956815] 	 0.957557 	 1
10715 1 	 [(10715,2)0.994318] 	 [(10300,2)0.961212] 	 1.034442 	 0
10758 1 	 [(10758,2)0.902818] 	 [(10300,2)0.954610] 	 0.945745 	 1
10714 1 	 [(10714,2)0.770609] 	 [(20832,2)0.902248] 	 0.854099 	 1
10812 1 	 [(10812,2)0.465310] 	 [(10976,2)0.950760] 	 0.489408 	 1
10776 1 	 [(10776,2)0.982490] 	 [(10282,2)0.938800] 	 1.046538 	 0
10768 1 	 [(10768,2)0.982909] 	 [(20824,2)0.956074] 	 1.028068 	 0
10691 1 	 [(10691,2)0.941224] 	 [(11277,2)0.950000] 	 0.990762 	 1
10822 1 	 [(10822,2)0.874220] 	 [(20888,2)0.931624] 	 0.938383 	 1
10662 1 	 [(10662,2)0.792041] 	 [(11215,2)0.953887] 	 0.830330 	 1
10825 1 	 [(10825,2)0.621053] 	 [(10636,2)0.916205] 	 0.677854 	 1
10721 1 	 [(10721,2)0.716938] 	 [(10771,2)0.944973] 	 0.758686 	 1
10665 1 	 [(10665,2)0.995746] 	 [(10856,2)0.983615] 	 1.012333 	 0
10706 1 	 [(10706,2)0.986530] 	 [(10762,2)0.968473] 	 1.018645 	 0
10708 1 	 [(10708,2)0.828473] 	 [(21242,2)0.964076] 	 0.859344 	 1
10703 1 	 [(10703,2)0.992172] 	 [(10521,2)0.963086] 	 1.030201 	 0
10891 1 	 [(10891,2)0.988799] 	 [(20712,2)0.928889] 	 1.064496 	 0
10980 1 	 [(10980,2)0.640000] 	 [(10035,2)0.941176] 	 0.680000 	 1
10918 1 	 [(10918,2)0.835017] 	 [(20885,2)0.946128] 	 0.882562 	 1
11139 1 	 [(11139,2)0.987637] 	 [(10071,2)0.960059] 	 1.028725 	 0
10935 1 	 [(10935,2)0.860338] 	 [(10030,2)0.951735] 	 0.903968 	 1
11065 1 	 [(11065,2)0.857762] 	 [(10118,2)0.962207] 	 0.891453 	 1
11137 1 	 [(11137,2)0.983773] 	 [(10071,2)0.955791] 	 1.029276 	 0
10972 1 	 [(10972,2)0.398001] 	 [(20009,2)0.975309] 	 0.408077 	 1
10946 1 	 [(10946,2)0.968000] 	 [(10009,2)0.949375] 	 1.019618 	 0
10904 1 	 [(10904,2)0.490196] 	 [(10103,2)0.947064] 	 0.517595 	 1
10955 1 	 [(10955,2)0.903733] 	 [(10527,2)0.966939] 	 0.934633 	 1
11133 1 	 [(11133,2)0.553757] 	 [(10103,2)0.973209] 	 0.569001 	 1
10903 1 	 [(10903,2)0.971781] 	 [(10436,2)0.947090] 	 1.026070 	 0
10899 1 	 [(10899,2)0.988012] 	 [(20832,2)0.961927] 	 1.027117 	 0
10990 1 	 [(10990,2)0.908088] 	 [(20282,2)0.945233] 	 0.960703 	 1
10985 1 	 [(10985,2)0.996562] 	 [(11205,2)0.971188] 	 1.026127 	 0
11138 1 	 [(11138,2)0.958333] 	 [(10615,2)0.943529] 	 1.015690 	 0
10902 1 	 [(10902,2)0.966820] 	 [(10852,2)0.968135] 	 0.998642 	 1
10888 1 	 [(10888,2)0.604878] 	 [(20059,2)0.963533] 	 0.627771 	 1
10921 1 	 [(10921,2)0.408144] 	 [(21151,2)0.941176] 	 0.433653 	 1
10927 1 	 [(10927,2)0.853745] 	 [(20835,2)0.923872] 	 0.924094 	 1
11140 1 	 [(11140,2)0.428316] 	 [(10602,2)0.875092] 	 0.489453 	 1
11143 1 	 [(11143,2)0.859254] 	 [(20939,2)0.958333] 	 0.896613 	 1
10881 1 	 [(10881,2)0.995442] 	 [(10436,2)0.974074] 	 1.021937 	 0
10948 1 	 [(10948,2)0.772444] 	 [(10002,2)0.946930] 	 0.815735 	 1
10890 1 	 [(10890,2)0.996678] 	 [(11218,2)0.941964] 	 1.058085 	 0
10984 1 	 [(10984,2)0.855212] 	 [(10509,2)0.937452] 	 0.912273 	 1
10901 1 	 [(10901,2)0.985223] 	 [(21087,2)0.970856] 	 1.014798 	 0
10906 1 	 [(10906,2)0.984016] 	 [(10762,2)0.955495] 	 1.029849 	 0
10998 1 	 [(10998,2)0.444114] 	 [(11265,2)0.965368] 	 0.460046 	 1
11054 1 	 [(11054,2)0.962264] 	 [(10822,2)0.958695] 	 1.003723 	 0
10976 1 	 [(10976,2)0.875325] 	 [(11251,2)0.935354] 	 0.935822 	 1
10979 1 	 [(10979,2)0.979592] 	 [(10435,2)0.959184] 	 1.021276 	 0
10926 1 	 [(10926,2)0.420804] 	 [(10682,2)0.957447] 	 0.439506 	 1
11136 1 	 [(11136,2)0.470696] 	 [(10825,2)0.955357] 	 0.492691 	 1
10965 1 	 [(10965,2)0.499702] 	 [(10714,2)0.970370] 	 0.514960 	 1
11047 1 	 [(11047,2)0.719723] 	 [(11265,2)0.892157] 	 0.806722 	 1
10870 1 	 [(10870,2)0.974473] 	 [(10101,2)0.959091] 	 1.016038 	 0
11141 1 	 [(11141,2)0.993817] 	 [(10784,2)0.971777] 	 1.022680 	 0
10907 1 	 [(10907,2)0.892751] 	 [(11208,2)0.945094] 	 0.944616 	 1
11038 1 	 [(11038,2)0.992129] 	 [(10105,2)0.976197] 	 1.016320 	 0
10981 1 	 [(10981,2)0.953462] 	 [(10784,2)0.963429] 	 0.989655 	 1
11131 1 	 [(11131,2)0.989736] 	 [(10042,2)0.975806] 	 1.014275 	 0
11135 1 	 [(11135,2)0.782162] 	 [(10602,2)0.958398] 	 0.816114 	 1
11142 1 	 [(11142,2)0.965781] 	 [(20606,2)0.978610] 	 0.986891 	 1
10931 1 	 [(10931,2)0.544271] 	 [(10944,2)0.954985] 	 0.569926 	 1
11063 1 	 [(11063,2)0.961569] 	 [(11242,2)0.975309] 	 0.985912 	 1
10987 1 	 [(10987,2)0.950980] 	 [(20863,2)0.963091] 	 0.987425 	 1
10944 1 	 [(10944,2)0.573232] 	 [(10276,2)0.935407] 	 0.612816 	 1
10894 1 	 [(10894,2)0.994152] 	 [(11277,2)0.978667] 	 1.015823 	 0
11313 1 	 [(11313,2)0.335849] 	 [(20737,2)0.963636] 	 0.348523 	 1
11322 1 	 [(11322,2)0.923077] 	 [(11313,2)0.944551] 	 0.977265 	 1
20001 1 	 [(20001,2)0.899198] 	 [(10546,2)0.967483] 	 0.929420 	 1
11227 1 	 [(11227,2)0.454675] 	 [(10575,2)0.964222] 	 0.471546 	 1
11243 1 	 [(11243,2)0.982456] 	 [(11322,2)0.966262] 	 1.016759 	 0
11156 1 	 [(11156,2)0.914220] 	 [(10613,2)0.962791] 	 0.949552 	 1
11258 1 	 [(11258,2)0.881070] 	 [(21328,2)0.963265] 	 0.914670 	 1
20009 1 	 [(20009,2)0.541667] 	 [(10509,2)0.957576] 	 0.565665 	 1
11151 1 	 [(11151,2)0.984360] 	 [(20680,2)0.954545] 	 1.031235 	 0
11277 1 	 [(11277,2)0.936979] 	 [(10282,2)0.955592] 	 0.980522 	 1
11305 1 	 [(11305,2)0.865248] 	 [(10035,2)0.949312] 	 0.911447 	 1
11145 1 	 [(11145,2)0.520710] 	 [(20280,2)0.967949] 	 0.537952 	 1
11257 1 	 [(11257,2)0.982213] 	 [(11231,2)0.927962] 	 1.058463 	 0
20012 1 	 [(20012,2)0.908469] 	 [(11310,2)0.956897] 	 0.949391 	 1
11261 1 	 [(11261,2)0.357143] 	 [(10931,2)0.950397] 	 0.375783 	 1
11148 1 	 [(11148,2)0.987847] 	 [(21151,2)0.973856] 	 1.014367 	 0
11320 1 	 [(11320,2)0.820933] 	 [(10708,2)0.952437] 	 0.861929 	 1
11324 1 	 [(11324,2)0.980159] 	 [(10990,2)0.928571] 	 1.055556 	 0
11152 1 	 [(11152,2)0.714909] 	 [(20680,2)0.962879] 	 0.742470 	 1
11301 1 	 [(11301,2)0.721986] 	 [(11293,2)0.957447] 	 0.754074 	 1
11209 1 	 [(11209,2)0.982213] 	 [(10784,2)0.969565] 	 1.013045 	 0
11155 1 	 [(11155,2)0.679924] 	 [(10754,2)0.940616] 	 0.722850 	 1
11205 1 	 [(11205,2)0.481256] 	 [(10533,2)0.946809] 	 0.508293 	 1
11153 1 	 [(11153,2)0.535983] 	 [(20055,2)0.961014] 	 0.557727 	 1
11319 1 	 [(11319,2)0.789504] 	 [(10030,2)0.915966] 	 0.861936 	 1
11208 1 	 [(11208,2)0.594907] 	 [(11320,2)0.957483] 	 0.621324 	 1
11215 1 	 [(11215,2)0.956866] 	 [(20060,2)0.976128] 	 0.980267 	 1
11265 1 	 [(11265,2)0.569559] 	 [(11319,2)0.943878] 	 0.603424 	 1
11274 1 	 [(11274,2)0.698113] 	 [(11313,2)0.971164] 	 0.718842 	 1
11293 1 	 [(11293,2)0.683043] 	 [(10520,2)0.942792] 	 0.724490 	 1
11230 1 	 [(11230,2)0.939692] 	 [(10323,2)0.950000] 	 0.989149 	 1
11246 1 	 [(11246,2)0.972939] 	 [(20584,2)0.931367] 	 1.044635 	 0
11310 1 	 [(11310,2)0.360000] 	 [(10758,2)0.918243] 	 0.392053 	 1
11251 1 	 [(11251,2)0.741414] 	 [(10485,2)0.933661] 	 0.794093 	 1
11211 1 	 [(11211,2)0.708257] 	 [(20939,2)0.962191] 	 0.736088 	 1
11213 1 	 [(11213,2)0.996004] 	 [(20009,2)0.970588] 	 1.026186 	 0
11210 1 	 [(11210,2)0.951984] 	 [(10771,2)0.972656] 	 0.978747 	 1
11218 1 	 [(11218,2)0.598015] 	 [(10708,2)0.969568] 	 0.616785 	 1
11326 1 	 [(11326,2)0.920843] 	 [(20282,2)0.936946] 	 0.982813 	 1
11144 1 	 [(11144,2)0.933673] 	 [(10682,2)0.961538] 	 0.971020 	 1
11221 1 	 [(11221,2)0.986395] 	 [(10101,2)0.949907] 	 1.038412 	 0
11201 1 	 [(11201,2)0.482615] 	 [(10926,2)0.954649] 	 0.505542 	 1
11256 1 	 [(11256,2)0.956096] 	 [(11251,2)0.968590] 	 0.987101 	 1
11307 1 	 [(11307,2)0.856383] 	 [(20009,2)0.958333] 	 0.893617 	 1
11297 1 	 [(11297,2)0.970233] 	 [(10771,2)0.960000] 	 1.010659 	 0
11286 1 	 [(11286,2)0.760636] 	 [(10784,2)0.973499] 	 0.781342 	 1
11279 1 	 [(11279,2)0.904178] 	 [(11261,2)0.959936] 	 0.941915 	 1
11242 1 	 [(11242,2)0.739837] 	 [(21223,2)0.959975] 	 0.770684 	 1
11149 1 	 [(11149,2)0.988678] 	 [(10822,2)0.954392] 	 1.035924 	 0
11231 1 	 [(11231,2)0.438080] 	 [(10998,2)0.917641] 	 0.477398 	 1
20018 1 	 [(20018,2)0.842371] 	 [(20069,2)0.961218] 	 0.876358 	 1
20048 1 	 [(20048,2)0.977808] 	 [(21231,2)0.948958] 	 1.030402 	 0
20409 1 	 [(20409,2)0.844531] 	 [(10613,2)0.962500] 	 0.877435 	 1
20049 1 	 [(20049,2)0.875129] 	 [(21136,2)0.960128] 	 0.911471 	 1
20127 1 	 [(20127,2)0.732004] 	 [(20148,2)0.959801] 	 0.762662 	 1
20052 1 	 [(20052,2)0.710916] 	 [(20859,2)0.962175] 	 0.738864 	 1
20028 1 	 [(20028,2)0.379138] 	 [(20680,2)0.966667] 	 0.392212 	 1
20307 1 	 [(20307,2)0.512987] 	 [(20712,2)0.955455] 	 0.536903 	 1
20149 1 	 [(20149,2)0.973607] 	 [(10944,2)0.969697] 	 1.004032 	 0
20094 1 	 [(20094,2)0.995418] 	 [(11243,2)0.973338] 	 1.022685 	 0
20339 1 	 [(20339,2)0.911184] 	 [(20939,2)0.937500] 	 0.971930 	 1
20138 1 	 [(20138,2)0.669837] 	 [(20558,2)0.949187] 	 0.705696 	 1
20406 1 	 [(20406,2)0.640000] 	 [(21232,2)0.944444] 	 0.677647 	 1
20284 1 	 [(20284,2)0.622143] 	 [(10301,2)0.953917] 	 0.652198 	 1
20322 1 	 [(20322,2)0.980851] 	 [(20832,2)0.947776] 	 1.034897 	 0
20148 1 	 [(20148,2)0.981633] 	 [(21328,2)0.967606] 	 1.014497 	 0
20413 1 	 [(20413,2)0.520533] 	 [(11205,2)0.963612] 	 0.540189 	 1
20086 1 	 [(20086,2)0.857594] 	 [(10904,2)0.963047] 	 0.890501 	 1
20054 1 	 [(20054,2)0.981911] 	 [(20824,2)0.972747] 	 1.009421 	 0
20055 1 	 [(20055,2)0.751984] 	 [(20059,2)0.954212] 	 0.788068 	 1
20126 1 	 [(20126,2)0.452703] 	 [(10395,2)0.946605] 	 0.478239 	 1
20103 1 	 [(20103,2)0.910873] 	 [(21231,2)0.964706] 	 0.944198 	 1
20059 1 	 [(20059,2)0.664336] 	 [(10455,2)0.959596] 	 0.692308 	 1
20042 1 	 [(20042,2)0.664527] 	 [(20888,2)0.945122] 	 0.703112 	 1
20063 1 	 [(20063,2)0.785177] 	 [(20815,2)0.942792] 	 0.832821 	 1
20277 1 	 [(20277,2)0.573123] 	 [(11277,2)0.969318] 	 0.591264 	 1
20026 1 	 [(20026,2)0.610097] 	 [(21036,2)0.972210] 	 0.627536 	 1
20314 1 	 [(20314,2)0.554652] 	 [(20855,2)0.969811] 	 0.571918 	 1
20145 1 	 [(20145,2)0.391600] 	 [(20580,2)0.941224] 	 0.416054 	 1
20021 1 	 [(20021,2)0.576655] 	 [(20520,2)0.929733] 	 0.620237 	 1
20069 1 	 [(20069,2)0.349099] 	 [(20584,2)0.946605] 	 0.368791 	 1
20089 1 	 [(20089,2)0.941667] 	 [(10652,2)0.978231] 	 0.962622 	 1
20118 1 	 [(20118,2)0.533611] 	 [(10758,2)0.946605] 	 0.563710 	 1
20282 1 	 [(20282,2)0.744474] 	 [(20843,2)0.951735] 	 0.782228 	 1
20146 1 	 [(20146,2)0.191077] 	 [(20843,2)0.942959] 	 0.202636 	 1
20325 1 	 [(20325,2)0.994968] 	 [(20069,2)0.940821] 	 1.057553 	 0
20395 1 	 [(20395,2)0.479302] 	 [(21305,2)0.971297] 	 0.493466 	 1
20057 1 	 [(20057,2)0.918129] 	 [(11065,2)0.967579] 	 0.948893 	 1
20105 1 	 [(20105,2)0.286131] 	 [(20855,2)0.935897] 	 0.305729 	 1
20280 1 	 [(20280,2)0.779308] 	 [(20718,2)0.954802] 	 0.816199 	 1
20453 1 	 [(20453,2)0.682353] 	 [(10035,2)0.934641] 	 0.730070 	 1
20078 1 	 [(20078,2)0.626543] 	 [(10071,2)0.942308] 	 0.664903 	 1
20030 1 	 [(20030,2)0.194609] 	 [(20843,2)0.951735] 	 0.204478 	 1
20408 1 	 [(20408,2)0.622585] 	 [(20712,2)0.945556] 	 0.658433 	 1
20029 1 	 [(20029,2)0.957960] 	 [(21151,2)0.968627] 	 0.988988 	 1
20016 1 	 [(20016,2)0.938516] 	 [(10796,2)0.932458] 	 1.006497 	 0
20156 1 	 [(20156,2)0.990374] 	 [(20553,2)0.972928] 	 1.017931 	 0
20306 1 	 [(20306,2)0.880178] 	 [(20069,2)0.959936] 	 0.916913 	 1
20060 1 	 [(20060,2)0.954426] 	 [(20059,2)0.943020] 	 1.012095 	 0
20079 1 	 [(20079,2)0.993333] 	 [(20664,2)0.951522] 	 1.043941 	 0
20456 1 	 [(20456,2)0.862108] 	 [(21138,2)0.966931] 	 0.891592 	 1
20622 1 	 [(20622,2)0.916949] 	 [(21318,2)0.913776] 	 1.003472 	 0
20570 1 	 [(20570,2)0.822222] 	 [(20855,2)0.916667] 	 0.896969 	 1
20520 1 	 [(20520,2)0.933001] 	 [(10101,2)0.942918] 	 0.989483 	 1
20537 1 	 [(20537,2)0.886525] 	 [(10682,2)0.906250] 	 0.978234 	 1
20535 1 	 [(20535,2)0.982091] 	 [(11054,2)0.971579] 	 1.010820 	 0
20519 1 	 [(20519,2)0.698587] 	 [(21087,2)0.954416] 	 0.731952 	 1
20508 1 	 [(20508,2)0.809232] 	 [(21223,2)0.945445] 	 0.855927 	 1
20521 1 	 [(20521,2)0.553571] 	 [(20799,2)0.964489] 	 0.573953 	 1
20594 1 	 [(20594,2)0.982800] 	 [(10512,2)0.968207] 	 1.015072 	 0
20591 1 	 [(20591,2)0.596667] 	 [(10921,2)0.970303] 	 0.614929 	 1
20551 1 	 [(20551,2)0.994633] 	 [(20845,2)0.972299] 	 1.022970 	 0
20613 1 	 [(20613,2)0.975670] 	 [(20919,2)0.954647] 	 1.022022 	 0
20680 1 	 [(20680,2)0.452652] 	 [(21223,2)0.905594] 	 0.499840 	 1
20637 1 	 [(20637,2)0.974792] 	 [(10904,2)0.980784] 	 0.993891 	 1
20516 1 	 [(20516,2)0.995338] 	 [(10409,2)0.962810] 	 1.033784 	 0
20536 1 	 [(20536,2)0.994513] 	 [(20395,2)0.977525] 	 1.017379 	 0
20606 1 	 [(20606,2)0.969697] 	 [(21251,2)0.977941] 	 0.991570 	 1
20454 1 	 [(20454,2)0.975791] 	 [(21328,2)0.955634] 	 1.021093 	 0
20566 1 	 [(20566,2)0.951267] 	 [(10682,2)0.970395] 	 0.980288 	 1
20546 1 	 [(20546,2)0.508085] 	 [(20078,2)0.962175] 	 0.528059 	 1
20533 1 	 [(20533,2)0.614035] 	 [(10680,2)0.947776] 	 0.647869 	 1
20581 1 	 [(20581,2)0.554945] 	 [(20772,2)0.969981] 	 0.572119 	 1
20532 1 	 [(20532,2)0.956089] 	 [(10762,2)0.953162] 	 1.003071 	 0
20655 1 	 [(20655,2)0.976920] 	 [(10007,2)0.973268] 	 1.003752 	 0
20557 1 	 [(20557,2)0.995988] 	 [(20712,2)0.970746] 	 1.026003 	 0
20670 1 	 [(20670,2)0.782002] 	 [(10652,2)0.972901] 	 0.803784 	 1
20654 1 	 [(20654,2)0.994555] 	 [(20811,2)0.984254] 	 1.010466 	 0
20665 1 	 [(20665,2)0.995897] 	 [(20126,2)0.972778] 	 1.023766 	 0
20584 1 	 [(20584,2)0.348916] 	 [(20508,2)0.932203] 	 0.374292 	 1
20497 1 	 [(20497,2)0.602978] 	 [(20016,2)0.953846] 	 0.632154 	 1
20541 1 	 [(20541,2)0.986418] 	 [(21231,2)0.973656] 	 1.013107 	 0
20550 1 	 [(20550,2)0.436098] 	 [(20927,2)0.964000] 	 0.452384 	 1
20580 1 	 [(20580,2)0.890779] 	 [(20797,2)0.965706] 	 0.922412 	 1
20691 1 	 [(20691,2)0.992850] 	 [(20712,2)0.963019] 	 1.030977 	 0
20569 1 	 [(20569,2)0.861247] 	 [(20406,2)0.926220] 	 0.929851 	 1
20586 1 	 [(20586,2)0.990857] 	 [(20307,2)0.956463] 	 1.035960 	 0
20558 1 	 [(20558,2)0.620516] 	 [(21232,2)0.934641] 	 0.663908 	 1
20560 1 	 [(20560,2)0.995837] 	 [(20820,2)0.979487] 	 1.016692 	 0
20638 1 	 [(20638,2)0.595041] 	 [(21074,2)0.975039] 	 0.610274 	 1
20664 1 	 [(20664,2)0.571906] 	 [(20680,2)0.942029] 	 0.607100 	 1
20482 1 	 [(20482,2)0.856847] 	 [(20931,2)0.917881] 	 0.933506 	 1
20624 1 	 [(20624,2)0.933873] 	 [(10888,2)0.972614] 	 0.960168 	 1
20553 1 	 [(20553,2)0.951644] 	 [(21047,2)0.962535] 	 0.988685 	 1
20495 1 	 [(20495,2)0.978198] 	 [(10706,2)0.979583] 	 0.998586 	 1
20657 1 	 [(20657,2)0.951389] 	 [(20820,2)0.967857] 	 0.982985 	 1
20531 1 	 [(20531,2)0.922780] 	 [(20408,2)0.970623] 	 0.950709 	 1
20685 1 	 [(20685,2)0.970833] 	 [(20820,2)0.969375] 	 1.001504 	 0
20543 1 	 [(20543,2)0.642832] 	 [(20558,2)0.966788] 	 0.664915 	 1
20477 1 	 [(20477,2)0.794286] 	 [(10021,2)0.968726] 	 0.819928 	 1
20835 1 	 [(20835,2)0.474026] 	 [(20680,2)0.952652] 	 0.497586 	 1
20820 1 	 [(20820,2)0.630769] 	 [(21087,2)0.965100] 	 0.653579 	 1
20741 1 	 [(20741,2)0.901285] 	 [(20105,2)0.957118] 	 0.941665 	 1
20767 1 	 [(20767,2)0.967375] 	 [(10634,2)0.983108] 	 0.983997 	 1
20722 1 	 [(20722,2)0.994094] 	 [(10412,2)0.963091] 	 1.032191 	 0
20884 1 	 [(20884,2)0.975644] 	 [(20521,2)0.964286] 	 1.011779 	 0
20704 1 	 [(20704,2)0.545898] 	 [(11140,2)0.951814] 	 0.573534 	 1
20792 1 	 [(20792,2)0.551650] 	 [(20824,2)0.923150] 	 0.597574 	 1
20859 1 	 [(20859,2)0.505848] 	 [(20059,2)0.932524] 	 0.542450 	 1
20729 1 	 [(20729,2)0.992424] 	 [(20533,2)0.982807] 	 1.009785 	 0
20706 1 	 [(20706,2)0.985527] 	 [(21203,2)0.976702] 	 1.009036 	 0
20881 1 	 [(20881,2)0.991718] 	 [(20824,2)0.948797] 	 1.045237 	 0
20843 1 	 [(20843,2)0.786528] 	 [(20832,2)0.952102] 	 0.826096 	 1
20693 1 	 [(20693,2)0.968905] 	 [(20105,2)0.952652] 	 1.017061 	 0
20863 1 	 [(20863,2)0.760633] 	 [(11297,2)0.971020] 	 0.783334 	 1
20718 1 	 [(20718,2)0.688519] 	 [(21223,2)0.948718] 	 0.725736 	 1
20831 1 	 [(20831,2)0.963267] 	 [(10636,2)0.965056] 	 0.998146 	 1
20731 1 	 [(20731,2)0.984091] 	 [(10706,2)0.965199] 	 1.019573 	 0
20836 1 	 [(20836,2)0.975000] 	 [(20339,2)0.957895] 	 1.017857 	 0
20797 1 	 [(20797,2)0.822464] 	 [(20594,2)0.964362] 	 0.852858 	 1
20856 1 	 [(20856,2)0.888834] 	 [(20824,2)0.926686] 	 0.959153 	 1
20837 1 	 [(20837,2)0.567019] 	 [(20322,2)0.962791] 	 0.588933 	 1
20715 1 	 [(20715,2)0.937834] 	 [(21219,2)0.975638] 	 0.961252 	 1
20700 1 	 [(20700,2)0.813272] 	 [(10489,2)0.967548] 	 0.840550 	 1
20772 1 	 [(20772,2)0.709295] 	 [(20856,2)0.952409] 	 0.744738 	 1
20840 1 	 [(20840,2)0.895138] 	 [(20680,2)0.961478] 	 0.931002 	 1
20824 1 	 [(20824,2)0.535484] 	 [(10300,2)0.946667] 	 0.565652 	 1
20845 1 	 [(20845,2)0.882784] 	 [(20584,2)0.949343] 	 0.929889 	 1
20737 1 	 [(20737,2)0.851795] 	 [(20521,2)0.962912] 	 0.884603 	 1
20776 1 	 [(20776,2)0.992754] 	 [(21327,2)0.957465] 	 1.036857 	 0
20762 1 	 [(20762,2)0.929972] 	 [(20939,2)0.939951] 	 0.989383 	 1
20830 1 	 [(20830,2)0.950206] 	 [(20704,2)0.941818] 	 1.008906 	 0
20822 1 	 [(20822,2)0.965565] 	 [(10485,2)0.925676] 	 1.043092 	 0
20855 1 	 [(20855,2)0.597619] 	 [(20520,2)0.931406] 	 0.641631 	 1
20703 1 	 [(20703,2)0.993808] 	 [(20409,2)0.938800] 	 1.058594 	 0
20712 1 	 [(20712,2)0.550000] 	 [(10602,2)0.903030] 	 0.609061 	 1
20885 1 	 [(20885,2)0.922414] 	 [(10485,2)0.954334] 	 0.966553 	 1
20699 1 	 [(20699,2)0.505000] 	 [(21242,2)0.960484] 	 0.525777 	 1
20888 1 	 [(20888,2)0.641577] 	 [(20016,2)0.932796] 	 0.687800 	 1
20799 1 	 [(20799,2)0.970779] 	 [(10602,2)0.930736] 	 1.043023 	 0
20872 1 	 [(20872,2)0.978395] 	 [(20030,2)0.954416] 	 1.025124 	 0
20811 1 	 [(20811,2)0.987092] 	 [(10027,2)0.957900] 	 1.030475 	 0
20808 1 	 [(20808,2)0.983860] 	 [(10944,2)0.954710] 	 1.030533 	 0
20815 1 	 [(20815,2)0.531215] 	 [(20069,2)0.946581] 	 0.561193 	 1
20768 1 	 [(20768,2)0.328372] 	 [(21317,2)0.919791] 	 0.357007 	 1
20890 1 	 [(20890,2)0.995142] 	 [(20933,2)0.972650] 	 1.023124 	 0
20757 1 	 [(20757,2)0.987595] 	 [(10921,2)0.961212] 	 1.027448 	 0
20869 1 	 [(20869,2)0.779085] 	 [(10306,2)0.935829] 	 0.832508 	 1
20852 1 	 [(20852,2)0.514987] 	 [(20908,2)0.969925] 	 0.530955 	 1
20832 1 	 [(20832,2)0.967003] 	 [(10784,2)0.959365] 	 1.007962 	 0
20972 1 	 [(20972,2)0.975845] 	 [(11310,2)0.970652] 	 1.005350 	 0
21138 1 	 [(21138,2)0.586735] 	 [(10032,2)0.965561] 	 0.607662 	 1
21136 1 	 [(21136,2)0.582219] 	 [(11297,2)0.944596] 	 0.616368 	 1
20912 1 	 [(20912,2)0.960784] 	 [(21306,2)0.968235] 	 0.992305 	 1
20927 1 	 [(20927,2)0.961014] 	 [(21235,2)0.980463] 	 0.980163 	 1
20922 1 	 [(20922,2)0.685093] 	 [(10771,2)0.978125] 	 0.700415 	 1
21082 1 	 [(21082,2)0.982639] 	 [(10662,2)0.957895] 	 1.025832 	 0
20970 1 	 [(20970,2)0.900407] 	 [(20843,2)0.954089] 	 0.943735 	 1
20942 1 	 [(20942,2)0.371795] 	 [(20069,2)0.961420] 	 0.386714 	 1
21063 1 	 [(21063,2)0.918797] 	 [(10485,2)0.969654] 	 0.947551 	 1
20932 1 	 [(20932,2)0.522132] 	 [(20863,2)0.930283] 	 0.561261 	 1
20926 1 	 [(20926,2)0.634409] 	 [(10512,2)0.951872] 	 0.666486 	 1
20987 1 	 [(20987,2)0.763655] 	 [(20339,2)0.968653] 	 0.788368 	 1
21132 1 	 [(21132,2)0.984375] 	 [(10771,2)0.968359] 	 1.016539 	 0
21065 1 	 [(21065,2)0.969393] 	 [(20477,2)0.960976] 	 1.008759 	 0
20955 1 	 [(20955,2)0.987421] 	 [(20558,2)0.971093] 	 1.016814 	 0
20939 1 	 [(20939,2)0.989247] 	 [(10436,2)0.970507] 	 1.019309 	 0
20961 1 	 [(20961,2)0.552805] 	 [(21087,2)0.967677] 	 0.571270 	 1
21047 1 	 [(21047,2)0.531215] 	 [(20939,2)0.931624] 	 0.570203 	 1
20981 1 	 [(20981,2)0.986138] 	 [(20955,2)0.966898] 	 1.019899 	 0
21087 1 	 [(21087,2)0.923611] 	 [(20820,2)0.953977] 	 0.968169 	 1
21141 1 	 [(21141,2)0.956387] 	 [(21219,2)0.971569] 	 0.984374 	 1
21144 1 	 [(21144,2)0.994231] 	 [(21203,2)0.975305] 	 1.019405 	 0
21134 1 	 [(21134,2)0.923517] 	 [(10682,2)0.974047] 	 0.948124 	 1
20979 1 	 [(20979,2)0.826651] 	 [(20453,2)0.941176] 	 0.878317 	 1
21074 1 	 [(21074,2)0.777278] 	 [(21327,2)0.972222] 	 0.799486 	 1
20919 1 	 [(20919,2)0.980265] 	 [(10031,2)0.970652] 	 1.009904 	 0
21053 1 	 [(21053,2)0.933386] 	 [(10319,2)0.958472] 	 0.973827 	 1
21142 1 	 [(21142,2)0.994349] 	 [(20976,2)0.978022] 	 1.016694 	 0
20908 1 	 [(20908,2)0.716945] 	 [(11201,2)0.934959] 	 0.766820 	 1
21140 1 	 [(21140,2)0.405343] 	 [(20028,2)0.928323] 	 0.436640 	 1
20998 1 	 [(20998,2)0.900744] 	 [(21219,2)0.956408] 	 0.941799 	 1
20933 1 	 [(20933,2)0.885714] 	 [(21087,2)0.935714] 	 0.946565 	 1
20931 1 	 [(20931,2)0.614286] 	 [(20933,2)0.925309] 	 0.663871 	 1
20967 1 	 [(20967,2)0.655102] 	 [(20680,2)0.958333] 	 0.683585 	 1
21060 1 	 [(21060,2)0.766736] 	 [(11324,2)0.974074] 	 0.787143 	 1
21086 1 	 [(21086,2)0.660664] 	 [(20395,2)0.968160] 	 0.682391 	 1
21080 1 	 [(21080,2)0.989461] 	 [(20939,2)0.966530] 	 1.023725 	 0
21137 1 	 [(21137,2)0.996512] 	 [(11257,2)0.957188] 	 1.041083 	 0
20906 1 	 [(20906,2)0.693750] 	 [(20145,2)0.959500] 	 0.723033 	 1
21131 1 	 [(21131,2)0.994293] 	 [(10754,2)0.984720] 	 1.009722 	 0
20902 1 	 [(20902,2)0.517143] 	 [(20863,2)0.962185] 	 0.537467 	 1
20965 1 	 [(20965,2)0.410131] 	 [(11322,2)0.942308] 	 0.435241 	 1
20990 1 	 [(20990,2)0.637964] 	 [(20888,2)0.958656] 	 0.665478 	 1
20980 1 	 [(20980,2)0.616228] 	 [(20052,2)0.953028] 	 0.646600 	 1
20985 1 	 [(20985,2)0.995287] 	 [(20069,2)0.988201] 	 1.007171 	 0
20899 1 	 [(20899,2)0.755991] 	 [(11149,2)0.957374] 	 0.789651 	 1
21036 1 	 [(21036,2)0.904255] 	 [(10602,2)0.970303] 	 0.931931 	 1
20976 1 	 [(20976,2)0.659130] 	 [(10512,2)0.946640] 	 0.696284 	 1
21135 1 	 [(21135,2)0.951076] 	 [(21219,2)0.976305] 	 0.974159 	 1
21242 1 	 [(21242,2)0.924981] 	 [(10796,2)0.935599] 	 0.988651 	 1
21206 1 	 [(21206,2)0.668636] 	 [(21274,2)0.963182] 	 0.694195 	 1
21148 1 	 [(21148,2)0.748968] 	 [(20815,2)0.978785] 	 0.765202 	 1
21230 1 	 [(21230,2)0.860959] 	 [(20939,2)0.965395] 	 0.891820 	 1
21304 1 	 [(21304,2)0.892256] 	 [(10762,2)0.972294] 	 0.917681 	 1
21305 1 	 [(21305,2)0.978780] 	 [(10944,2)0.964080] 	 1.015248 	 0
21221 1 	 [(21221,2)0.546218] 	 [(20712,2)0.936471] 	 0.583273 	 1
21203 1 	 [(21203,2)0.921951] 	 [(10706,2)0.965972] 	 0.954428 	 1
21243 1 	 [(21243,2)0.986150] 	 [(20558,2)0.965938] 	 1.020925 	 0
21151 1 	 [(21151,2)0.503180] 	 [(10512,2)0.947584] 	 0.531014 	 1
21232 1 	 [(21232,2)0.604527] 	 [(20580,2)0.969388] 	 0.623617 	 1
21278 1 	 [(21278,2)0.978723] 	 [(10615,2)0.975184] 	 1.003629 	 0
21293 1 	 [(21293,2)0.911067] 	 [(10007,2)0.964326] 	 0.944771 	 1
21241 1 	 [(21241,2)0.859341] 	 [(10706,2)0.942857] 	 0.911422 	 1
21265 1 	 [(21265,2)0.937500] 	 [(10904,2)0.954963] 	 0.981713 	 1
21201 1 	 [(21201,2)0.474375] 	 [(20863,2)0.940441] 	 0.504418 	 1
21267 1 	 [(21267,2)0.994395] 	 [(10412,2)0.984668] 	 1.009878 	 0
21321 1 	 [(21321,2)0.946553] 	 [(10921,2)0.970885] 	 0.974938 	 1
21217 1 	 [(21217,2)0.687987] 	 [(21223,2)0.970696] 	 0.708756 	 1
21231 1 	 [(21231,2)0.632500] 	 [(20126,2)0.955556] 	 0.661918 	 1
21212 1 	 [(21212,2)0.778547] 	 [(20029,2)0.964589] 	 0.807128 	 1
21306 1 	 [(21306,2)0.886667] 	 [(10455,2)0.964444] 	 0.919356 	 1
21257 1 	 [(21257,2)0.935977] 	 [(20908,2)0.971195] 	 0.963737 	 1
21329 1 	 [(21329,2)0.989727] 	 [(10031,2)0.963554] 	 1.027163 	 0
21326 1 	 [(21326,2)0.994805] 	 [(11140,2)0.979728] 	 1.015389 	 0
21289 1 	 [(21289,2)0.929577] 	 [(20149,2)0.970922] 	 0.957417 	 1
21240 1 	 [(21240,2)0.885593] 	 [(10575,2)0.974773] 	 0.908512 	 1
21235 1 	 [(21235,2)0.706763] 	 [(20009,2)0.938262] 	 0.753268 	 1
21149 1 	 [(21149,2)0.978992] 	 [(10758,2)0.967806] 	 1.011558 	 0
21317 1 	 [(21317,2)0.920342] 	 [(10441,2)0.936368] 	 0.982885 	 1
21247 1 	 [(21247,2)0.894444] 	 [(20145,2)0.971579] 	 0.920609 	 1
21251 1 	 [(21251,2)0.982571] 	 [(10276,2)0.952242] 	 1.031850 	 0
21219 1 	 [(21219,2)0.675676] 	 [(20282,2)0.974138] 	 0.693614 	 1
21328 1 	 [(21328,2)0.546311] 	 [(11251,2)0.958974] 	 0.569683 	 1
21220 1 	 [(21220,2)0.518333] 	 [(10149,2)0.948718] 	 0.546351 	 1
21156 1 	 [(21156,2)0.838073] 	 [(20052,2)0.971606] 	 0.862565 	 1
21263 1 	 [(21263,2)0.797366] 	 [(20888,2)0.957672] 	 0.832609 	 1
21327 1 	 [(21327,2)0.929977] 	 [(10520,2)0.964912] 	 0.963795 	 1
21272 1 	 [(21272,2)0.501093] 	 [(20855,2)0.967347] 	 0.518007 	 1
21153 1 	 [(21153,2)0.861154] 	 [(21263,2)0.959083] 	 0.897893 	 1
21302 1 	 [(21302,2)0.966330] 	 [(20339,2)0.976555] 	 0.989530 	 1
21325 1 	 [(21325,2)0.555008] 	 [(20680,2)0.962879] 	 0.576405 	 1
21223 1 	 [(21223,2)0.371795] 	 [(10149,2)0.923077] 	 0.402778 	 1
21211 1 	 [(21211,2)0.600473] 	 [(20824,2)0.942652] 	 0.637004 	 1
21294 1 	 [(21294,2)0.832776] 	 [(20824,2)0.949752] 	 0.876835 	 1
21255 1 	 [(21255,2)0.987395] 	 [(20664,2)0.969457] 	 1.018503 	 0
21318 1 	 [(21318,2)0.652174] 	 [(20282,2)0.952024] 	 0.685039 	 1
21297 1 	 [(21297,2)0.955182] 	 [(21087,2)0.979984] 	 0.974691 	 1
21314 1 	 [(21314,2)0.652482] 	 [(10863,2)0.956578] 	 0.682100 	 1
21274 1 	 [(21274,2)0.359202] 	 [(21235,2)0.955100] 	 0.376088 	 1
